score:1.4208162155964266
lr: 0.002981452685102484