score:1.414112775651847
lr: 0.00268748158231104