score:1.5092120436455239
lr: 0.0011282009992721307