score:1.5122792075705989
lr: 0.0022908474612154143