score:1.5148094416678828
lr: 0.0011254545799622372