score:1.5059562752658424
lr: 0.0006619745969422701