score:1.4534235553001107
lr: 0.00023799390605649913