score:1.4297538713286182
lr: 0.0001944215147163879