score:1.3987369723054246
lr: 0.002722656280491244