score:1.5076068589276905
lr: 0.0003331264310570319