score:1.3253111138432
lr: 0.00024495183291764494