score:1.3390223356835735
lr: 0.000677558201075539