score:1.5070102183195417
lr: 0.0020713193195567867