score:1.4175119808035523
lr: 0.0004376510187586932