score:1.459679988590222
lr: 0.001835632138949683