score:1.3783844825306257
lr: 0.0020476214230791085