score:1.2835094476887368
lr: 0.0018861286588897938