score:1.5143757230951593
lr: 0.00023637089626264666