score:1.4086861375055122
lr: 0.00044128881278573435