score:1.4917404548274564
lr: 0.0006794449522736879