score:1.4545646188349926
lr: 0.0016141149770186592