score:1.493713442679981
lr: 0.0002290134230499898