score:1.4088438532504695
lr: 0.0006284557943837708