score:1.4452848953676096
lr: 0.002796203724761146