score:1.5266341860386152
lr: 0.0009687985529034947