score:1.2866202928790205
lr: 0.0006946604987622276