score:1.3632964378896724
lr: 0.002106598850775332