score:1.4214033804300852
lr: 0.0006840819876172162