score:1.471582228777689
lr: 0.0006628587564273985