score:1.5421988087379914
lr: 0.0018727872359262587