score:1.4101410210018015
lr: 0.003067133991790998