score:1.398504718089616
lr: 0.00025966006384410567