score:1.4875322505754223
lr: 0.00030053008013930337