score:1.5074699038898105
lr: 0.00128241184323613