score:1.3591326930743863
lr: 0.003312029155594334