score:1.4802024721448719
lr: 0.0006601121799870234