score:1.4344621431571498
lr: 0.0011581944068159548