score:1.432177426870091
lr: 0.00019698068638338175