score:1.3336202275029574
lr: 0.0018842578043625749