score:1.4136425511747468
lr: 0.002295988844928396