score:1.3216667749035198
lr: 0.001285251482681047