score:1.4842440560269197
lr: 0.001974854630897216