score:1.529018830885778
lr: 0.0018498184987129562