score:1.5357802813856434
lr: 0.0007150673117258191