score:1.525131746278973
lr: 0.0008416862020281241