score:1.5338554449301112
lr: 0.0002231508579111323