score:1.4936528653072354
lr: 0.00018365517298418924