score:1.3325404920391688
lr: 0.0010779224584632667