score:1.4250822296262622
lr: 0.0004003699821598337