score:1.4652627003940846
lr: 0.000238334209377577