score:1.4444024943990634
lr: 0.001150322791673483