score:1.2744889936393076
lr: 0.0013886259708643922