score:1.5313105423875317
lr: 0.000686536423043283