score:1.510795766153907
lr: 0.00029583969967919853