score:1.3349866052335626
lr: 0.002221096394880043