score:1.4295194646988891
lr: 0.00023462428345822007