score:1.478884485848849
lr: 0.0010012226021610194