score:1.425421166456704
lr: 0.0002493740439390378